-2.257141175648118 -0.4784238321248996 -0.12727962370642454 
-2.07401301519962 0.67188268702736 -0.23382551672596819 
-2.3563351118061773 0.3407664246245695 0.044053900170170635 
-2.2917067858696942 0.5953998626815439 0.09098529710138781 
-2.381862704416937 -0.6446756594005375 0.01568564729691524 
-2.068700608467692 -1.484205297342159 0.026878249799619836 
-2.4358684489631375 -0.04748511806193398 0.3343502965097642 
-2.225391888780552 -0.22240300191944076 -0.08839935188574966 
-2.326845329341315 1.1116036995379166 0.14459246541111226 
-2.1770349052411113 0.46744756851167496 -0.25291826754793123 
-2.15907699169141 -1.0402058665204261 -0.2677840008728869 
-2.3183641306818057 -0.13263399898961933 0.0934461909382659 
-2.211043696511381 0.7262431830141043 -0.23014024594833937 
-2.624309016143563 0.9582963471553251 0.18019242300371918 
-2.191399211809022 -1.8538465546759553 -0.4713220251916491 
-2.2546612065689393 -2.677315229736603 0.030424683741342995 
-2.2002167647433626 -1.478655728748219 -0.0053262506425473255 
-2.183036134821443 -0.4872061305724906 -0.04406768562731611 
-1.8922328395553762 -1.4003275666972363 -0.37309337699630185 
-2.3355447606037263 -1.1240835971653473 0.13218762592303557 
-1.9079312487023736 -0.40749057637302355 -0.41988593709161337 
-2.1996438314933178 -0.9210358707981483 0.15933150185554068 
-2.765081422632951 -0.4568133006499847 0.33106998228169526 
-1.8125971593938721 -0.08527285428354578 0.03437344156931932 
-2.219727013475053 -0.1367961754350743 0.11759956626989121 
-1.9453292965766995 0.623529705191237 -0.3046204753616212 
-2.044302768058284 -0.24135499096310775 0.08607564938300882 
-2.161336496094114 -0.525389421812538 -0.20612570745261993 
-2.132419646879298 -0.3121720048492621 -0.2702448947097651 
-2.257697994599424 0.3366042481791145 0.06820727550179606 
-2.1329764658306045 0.5028560754547524 -0.07475799550154394 
-1.8254792451868584 -0.42228038897123554 -0.2695643111544802 
-2.6062168666231913 -1.7875872722536905 0.04707072734789142 
-2.438009831693911 -2.143546795985048 -0.08239202410714863 
-2.1029298644144365 0.458665270064084 -0.16970632946882291 
-2.2004372294198378 0.2054192241555951 -0.2246888515105816 
-2.0383176527766924 -0.6593492301330274 -0.4829195842439137 
-2.5188933857286977 -0.5903151634137934 0.019370918074543275 
-2.4215202566939666 0.9011610668716107 0.19260940244717373 
-2.162466248295466 -0.26798119945859367 -0.175296560742486 
-2.278840814375446 -0.44024054088485265 0.034778398118878506 
-1.8519183573960696 2.3296107445884022 -0.2035523033566774 
-2.545112033261434 0.47750101724202887 0.3047455267403806 
-1.9578885746886678 -0.47074961267308063 0.30856758768782916 
-2.12992356350138 -1.1384154642068782 0.24760406444431105 
-2.062833614858031 0.7086785861189223 -0.06371636979012263 
-2.3767707623614838 -1.1166886908662412 0.057026812954468986 
-2.3863817132223453 0.38495723001523785 0.13900223413744917 
-2.2220026321764963 -0.9946276689812726 -0.18088679201614966 
-2.196475039565736 -0.009185584956164894 -0.15251853914289493 
1.098102437614098 -0.8600910331955345 -0.6823003928270527 
0.7288955573924233 -0.5926293621112368 -0.09380745182860756 
1.2368358043772567 -0.6142398935861516 -0.5521570578167274 
0.4061225105823168 1.7485461967118656 -0.023024633148332307 
1.0718837900813616 0.2077251474602888 -0.3969257841612157 
0.3873895454784083 0.5913027168171808 0.1237768854239196 
0.7440371475881145 -0.7704382721314345 0.14847200747492473 
-0.48569561657438054 1.846243997514162 0.2484329921275734 
0.9248034606293631 -0.03211847799847305 -0.5941788070295655 
0.011388037749881702 1.0305657837710556 0.5371000549768578 
-0.10982834481652468 2.6452111149372017 -0.0466342150944927 
0.4392220143277092 0.06308385165956568 0.20438909283024403 
0.5602314788114536 1.758832129173663 -0.7632145538159444 
0.7171593380995276 0.1856028191012167 -0.06842969955623171 
-0.03324333491067112 0.43753741887790837 0.19428203043238396 
0.8724842872358214 -0.5073642393178294 -0.5018302037350714 
0.34908221007920476 0.19565626783157047 0.4892340947320803 
0.15827979549153104 0.7894510080295308 -0.30102870025891243 
1.2210031592595891 1.6168272811149766 -0.48069365558116706 
0.1643672537776668 1.2982599385867981 -0.17226071898062065 
0.7352195946537732 -0.39524744620369906 0.6144677820240267 
0.47469691207416215 0.41592688740299355 -0.2640675755557359 
1.2300572911691445 0.9302094405375121 -0.3671821775559264 
0.6307451447299113 0.41499744081118956 -0.2909216378610518 
0.700315062452439 0.0632000935252879 -0.44453776464771805 
0.8713545350344691 -0.24995601696388503 -0.47100105702493755 
1.252313748847779 0.07699806899345046 -0.7247270985894506 
1.353869532413087 -0.3302054627367214 -0.25995570098109877 
0.6625806603032817 0.22517350248974868 0.08557719715852963 
-0.04012419112332696 1.0551835832743848 -0.3185063042120302 
0.13035846250739735 1.5570555530892272 -0.1494826973810294 
0.023374382611804634 1.5672252436853031 -0.24074576057067965 
0.24073179900704572 0.7746611954313188 -0.15070707432177924 
1.0575517121109304 0.6317269007808286 0.10495976160768244 
0.2232309291090338 0.28681266290987645 0.6630285124455532 
0.4277062597112882 -0.842758920031796 0.44912944597065463 
1.0452264452692497 -0.5203087142108753 -0.3944648903243374 
1.0410437907386734 1.3783710478047007 -0.6859978035600589 
0.06935597215018363 0.21877043332069243 0.2906057181316963 
0.2825307340148492 1.324886147082284 0.08911149114487438 
0.27814596118011137 1.116288852121144 0.0941721156545365 
0.6224844107468758 -0.02483981356508924 -0.020412762520170186 
0.3354067263596973 0.9851038280976248 -0.19872401135784085 
-0.3609740878055613 2.0124958247897995 0.1054677211242335 
0.28762267607030256 0.8528731156165791 0.13045265680242832 
0.09105561087751247 0.18058714208064505 0.1285476963063924 
0.22695653998792137 0.383634868447845 0.15569157223889754 
0.5744637814822675 0.15435648860359427 -0.27074334693424446 
-0.44617230026802135 1.5386374556189288 0.18976519930818694 
0.2558733892027372 0.5968522854111208 0.09157238498175235 
1.8384100229241205 -0.8675150560900582 1.0020440766239436 
1.154015553620784 0.696536400516362 0.5283899935584812 
2.1979036092803894 -0.5601339760200627 -0.20223665809673552 
1.4353421339966588 0.046830700896181396 0.16308376104160455 
1.8615757681276324 -0.2940596970842499 0.3943074080122515 
2.742685085188242 -0.7977367087552233 -0.5803648266066267 
0.36579224975562386 1.556289177784414 0.9835981221544371 
2.29475181232994 -0.41866301953474494 -0.6495304517519703 
1.9999863272097724 0.7090632257017613 -0.39267507275067237 
2.2522321615076084 -1.9145963005352942 0.3962245084636645 
1.3596206364243903 -0.6904434047792547 0.2836617803734485 
1.597327474669134 0.42029243098447283 0.023108990639143845 
1.8776105315494611 -0.4178498148086633 0.026250468031307594 
1.2559076914609233 1.1583797413859909 0.5783118910905775 
1.4627448694704257 0.44079488346361706 1.0005177461006263 
1.5847681965571654 -0.6739868868798446 0.6362970536885938 
1.466518487614179 -0.2547683268484309 0.03730628036419237 
2.4182276992990515 -2.548124795408778 -0.12745447510088748 
3.2996414776683665 -0.01772158037585106 -0.7009570325599355 
1.2595470736340062 1.7010467154508584 -0.26664361231498435 
2.030912555258265 -0.9074274431695504 0.2340155098470772 
0.9747153470557186 0.5698552566292573 0.8253621612765827 
2.8879765004830382 -0.412259950365689 -0.8545589727251374 
1.3287806370817021 0.4802024955651572 -0.005410239025394392 
1.6950553043510102 -1.0105364760108522 0.29745411354893736 
1.9478013897869002 -1.0044127199945097 -0.41858243178704924 
1.1711800692439653 0.31533806043800516 0.12950390686740332 
1.0175416912603295 -0.06413118380090822 0.3365883651278891 
1.7823787852455037 0.18673563282904587 0.2697543042755893 
1.857425006563182 -0.560413289172776 -0.7132446824595562 
2.427820303787599 -0.2584187064097286 -0.7253860348972863 
2.2972317814091197 -2.6175544171464473 -0.49182614430420346 
1.8564838260721788 0.1779533343814549 0.3529662423546978 
1.1104277044557787 0.29194458179617017 -0.18287574089503306 
1.1984583545709881 0.8086063642092236 -0.16417376000116538 
2.789425611982089 -0.8539425424471339 -0.5410937848578565 
1.5709929375380405 -1.0650132138633182 0.9426957002492713 
1.3417969588453595 -0.4210201541240688 0.18027155136753237 
0.9217370117063262 -0.017165594113270247 0.41543444887408365 
1.8458612446818958 -0.6738706450141225 -0.012629803789367955 
2.0080831643295847 -0.6118359295755592 0.4269026783825143 
1.8954342091284924 -0.6872730654638495 0.12964069703722314 
1.154015553620784 0.696536400516362 0.5283899935584812 
2.0337449929110143 -0.864624029927367 0.337014968924898 
1.9914754676577102 -1.0456656698012161 0.630301865865371 
1.8642578555109723 -0.38567403771923736 0.25541817771463515 
1.5593564935447624 0.8936928545986631 -0.026283300128951192 
1.5160914520607758 -0.26817074729815793 0.17957678119078363 
1.3682041780884446 -1.0078779335796042 0.9302787208058156 
0.9574484884279939 0.02425042698042776 0.5264850330624455 
